318 76 33 81
313 74 41 86
321 76 34 82
320 73 40 85
345 310 67 61
324 77 37 81
321 75 43 83
328 80 37 78
322 77 47 80
325 77 50 81
333 75 48 83
324 87 52 73
329 74 50 84
331 74 54 83
338 72 55 85
344 73 56 84
347 74 57 83
353 76 58 79
364 78 52 74
369 78 52 76
387 82 38 72
382 77 47 80
400 80 35 78
396 77 43 82
411 78 32 81
407 76 39 83
415 75 31 84
412 73 38 86
423 75 33 86
419 74 39 86
428 77 33 81
424 74 41 84
433 75 33 84
429 72 39 87
440 77 34 81
434 74 43 83
441 74 45 81
445 71 44 85
451 71 50 86
458 73 50 82
461 72 52 84
470 67 52 86
470 72 51 86
480 67 53 86
477 72 48 83
480 72 51 83
498 81 39 71
495 77 46 78
499 74 47 82
514 78 35 78
509 75 43 81
528 77 33 81
525 75 40 84
541 78 32 79
536 74 39 85
543 76 33 81
540 73 39 85
554 78 33 80
547 74 44 84
554 76 41 81
562 78 37 81
560 76 42 82
561 94 37 64
570 81 38 75
564 77 49 79
570 76 47 80
574 76 52 82
583 75 53 81
587 74 56 84
591 75 59 80
601 77 57 76
605 75 57 81
613 80 57 72
627 80 54 72
648 83 35 70
642 79 46 76
661 80 34 76
656 77 43 79
669 79 33 75
664 74 41 83
673 76 32 79
671 72 40 85
678 77 35 79
676 74 41 83
683 79 36 77
680 73 43 83
684 72 45 85
682 76 45 78
691 75 37 81
687 74 46 82
689 68 53 83
690 73 51 82
695 74 52 80
700 72 52 83
704 73 47 82
301 61 20 92
300 73 20 85
300 61 24 90
300 71 24 87
300 76 49 80
300 65 53 88
301 72 23 87
300 72 54 86
304 69 56 81
302 71 57 84
306 72 63 83
305 73 53 81
311 73 53 84
308 74 54 82
328 75 33 82
318 73 45 85
333 76 33 81
324 73 45 85
337 79 33 76
331 76 43 82
342 77 34 80
337 73 46 85
349 79 36 77
346 76 46 82
349 75 51 83
349 67 58 86
345 67 54 93
348 69 59 89
350 64 66 89
350 68 66 89
353 60 71 96
356 61 76 94
354 66 70 93
358 66 74 93
361 59 79 91
368 55 88 81
368 57 82 90
367 57 90 89
496 69 67 80
496 73 67 83
509 72 56 84
511 73 64 83
521 70 54 80
520 72 55 83
530 77 50 76
549 78 29 76
537 74 46 81
553 77 34 80
545 75 44 82
556 80 35 78
553 76 44 81
561 78 35 80
557 75 44 84
566 81 37 74
563 76 48 82
564 69 56 82
567 68 60 83
563 71 57 86
566 71 61 86
568 69 63 87
573 63 70 91
572 67 71 91
576 61 71 88
579 61 75 89
587 59 78 75
586 61 79 83
588 58 90 88
592 54 84 81
590 59 88 82
642 52 63 71
655 50 53 77
681 52 34 80
675 50 45 85
681 52 34 80
675 50 45 85
388 148 52 142
382 160 53 133
384 158 57 137
393 146 58 145
390 162 61 130
389 148 71 141
401 152 66 133
388 162 73 127
396 162 72 128
399 152 74 135
385 161 86 130
393 159 82 133
391 145 103 146
401 148 97 142
400 158 100 131
401 154 86 132
408 154 82 132
398 158 91 132
406 154 85 139
408 151 103 138
407 167 109 117
409 161 104 125
414 161 91 120
428 160 79 118
413 164 93 121
425 163 84 124
421 152 105 136
418 168 106 116
415 160 111 127
423 159 93 121
414 169 100 111
421 165 97 120
430 150 103 137
438 152 98 133
426 161 109 127
433 166 110 120
437 160 102 128
437 162 89 115
443 160 87 120
434 168 98 114
441 165 92 119
456 161 85 117
454 171 91 110
463 168 85 115
506 171 63 117
511 170 64 120
505 184 63 105
511 183 64 108
538 151 53 138
536 159 56 131
556 150 52 137
554 155 55 138
564 149 57 137
571 148 54 142
580 151 60 136
578 157 62 133
596 138 61 138
593 146 64 137
602 147 61 137
591 161 66 126
595 136 91 151
612 137 63 139
607 144 69 142
609 138 94 146
622 138 72 138
606 150 86 131
616 145 80 140
616 162 79 124
619 137 95 150
626 140 95 145
638 141 73 134
626 150 83 132
634 146 80 139
634 159 79 129
637 139 96 143
646 145 75 125
653 141 75 133
644 149 81 132
649 148 82 133
644 165 81 117
650 163 80 122
667 141 92 146
684 142 60 132
668 149 72 134
676 145 70 143
674 160 71 128
699 138 64 137
684 151 75 132
692 147 73 139
685 165 73 118
693 161 72 125
725 151 52 135
724 163 52 124
749 146 31 142
749 163 30 125
300 86 46 233
300 103 47 225
299 117 50 219
299 126 51 223
301 122 61 143
301 127 63 156
302 126 71 158
302 122 62 182
302 124 71 177
301 139 91 153
303 147 84 154
303 135 80 145
302 140 80 149
303 151 80 145
300 156 113 112
298 146 118 140
300 152 113 144
304 148 96 133
317 147 85 135
305 158 122 110
302 150 131 138
311 149 127 140
304 159 127 129
314 156 121 135
331 149 116 137
334 168 113 115
334 159 114 130
337 151 96 136
337 161 99 125
349 146 103 141
344 157 111 131
359 139 81 158
353 157 89 133
352 151 104 138
348 159 110 128
361 158 105 132
368 153 73 133
376 154 72 132
362 160 84 130
373 157 77 135
374 163 82 124
390 152 70 136
399 149 64 142
387 162 76 130
395 156 72 141
386 182 77 109
406 151 75 137
416 148 70 141
406 160 76 130
412 160 76 130
414 155 101 138
429 153 68 132
431 153 76 134
428 163 70 126
430 161 77 128
431 145 97 144
437 144 99 146
429 156 102 133
436 155 103 137
437 152 85 107
432 153 93 128
430 163 93 123
427 137 111 148
433 137 111 148
438 142 99 125
433 123 135 143
443 133 120 150
443 155 124 135
453 126 130 138
458 125 130 139
457 132 122 139
463 131 119 143
463 122 142 141
468 126 136 145
486 127 126 109
480 118 137 133
491 117 136 135
497 125 134 111
495 120 134 120
505 107 144 125
513 123 134 107
506 117 144 118
527 110 128 116
525 107 129 123
530 107 133 121
531 107 131 123
524 116 134 115
547 110 120 116
543 106 126 125
549 121 119 108
544 114 125 120
562 110 113 117
560 107 118 124
563 120 112 111
558 113 121 122
569 107 83 124
571 108 96 124
574 113 93 121
589 109 98 129
593 110 92 119
593 114 89 119
600 93 96 150
611 102 70 136
613 104 78 132
608 104 77 139
611 108 81 133
625 95 63 148
625 101 67 148
636 104 60 148
639 110 64 138
639 111 70 143
639 112 72 152
631 130 98 142
636 134 91 133
637 150 107 112
633 140 115 141
640 131 102 149
644 139 96 145
641 144 126 135
655 155 118 110
648 143 127 137
669 154 113 116
664 145 120 135
672 151 98 127
680 151 96 128
688 141 97 143
697 145 81 123
707 142 75 129
696 148 86 136
703 151 81 132
698 159 84 127
706 162 78 124
721 145 57 92
723 142 55 127
721 144 57 144
719 163 59 126
724 135 56 140
723 152 58 125
722 162 57 127
732 152 47 128
733 161 46 131
756 196 23 94
754 205 25 89
